16
14
5
2
3
10
0
0
 0   0   0   0   0   0   0   0   0   0   0   0   0   0   0   0
 0   0   0   0  201 205 205 205 205 205 187  0   0   0   0   0
 0   0   0   0  186  0   0   0   0   88 200 205 205 205 187  0
 0   0   0   0  186  0   0   0   0   0   0   0   0   0  186  0
 0   0   0   0  186  0   0   0   0   0  201 205 187  0  186  0
 0   0   0   0  200 205 187  0  201 205 188  0  186  0  186  0
 0   0   0   0   0   0  186  0  186  0   0   0  186  0  186  0
 0   0   0   0   0   0  186  0  186  0   0   0  186  0  186  0
 0   0   0   0  201 205 188  0  200 205 187  0  186  0  186  0
205 205 205 205 188  0   0   0   0   0  200 205 188  0  186  0
 0   0   0  143  0   0   0   0   0   0   0   0   0   0  186  0
205 205 205 205 187  0  88  88  88  88 201 205 205 205 188  0
 0   0   0   0  200 205 205 205 205 205 188  0   0   0   0   0
 0   0   0   0   0   0   0   0   0   0   0   0   0   0   0   0